10,67,1025,Aprilie,3,4,5,6
11,62,1026,Ianuarie,2,8,9
12,60,1027,Martie,3,5,6,7
13,58,1028,Februarie,1,12
14,57,1029,Decembrie,2,14,15
15,54,1030,Decembrie,3,20,21,22
16,53,1031,Iulie,5,5,6,7,8,9
17,51,1032,Aprilie,2,22,23
18,50,1000,Iunie,3,11,12,13
19,49,1001,Octombrie,1,14
20,47,1002,Aprilie,3,14,15,16
21,45,1003,Decembrie,4,19,20,21,22
22,43,1004,Aprilie,2,21,22
23,42,1005,Mai,3,6,7,8
24,40,1006,Iulie,4,9,10,11,12
25,37,1007,Septembrie,2,22,23
26,35,1008,Noiembrie,1,14
27,34,1009,Iunie,1,23
28,32,1010,August,3,2,3,4
29,29,1011,Octombrie,2,5,6
30,27,1012,Mao,3,10,11,12
31,25,1013,Aprilie,1,9
32,23,1014,Mai,2,9,10
33,22,1015,Septembrie,1,15
34,18,1016,Aprilie,2,17,18
35,17,1017,Decembrie,3,1,2,3
36,15,1018,Februarie,2,8,9
37,13,1019,Ianuarie,1,19
38,12,1020,iulie,1,17
39,9,1021,Aprilie,3,8,9,10
40,7,1022,Noiembrie,2,14,15
41,6,1023,August,5,18,19,20,21,22
42,2,1024,Decembrie,2,21,22
43,9,1025,Ianuarie,3,3,4,5
0,1,0,Ianuarie,2,1,2,
0,69,0,Aprilie,3,1,2,3,